-1302	1
-1116	1
-1035	1
-987	1
-978	1
-953	1
-950	1
-942	1
-939	1
-937	1
-926	1
-885	1
-884	1
-853	1
-812	1
-794	1
-793	1
-770	1
-754	1
-748	1
-735	1
-719	1
-710	1
-692	2
-687	1
-664	1
-610	1
-592	1
-590	1
-588	1
-579	1
-575	1
-574	1
-568	1
-564	1
-562	1
-554	1
-551	2
-549	1
-519	1
-515	1
-453	1
-350	1
-336	1
-317	1
-312	1
-311	1
-303	1
-298	1
-283	1
-257	1
-251	1
-245	1
-240	2
-221	1
-212	1
-203	1
-197	1
-185	1
-175	2
-167	1
-162	2
-157	2
-148	1
-147	1
-145	1
-143	1
-137	1
-136	1
-135	2
-134	1
-132	1
-129	3
-127	1
-126	1
-125	2
-121	1
-120	1
-116	1
-114	2
-113	2
-111	1
-110	1
-109	3
-108	2
-107	1
-106	1
-105	1
-103	1
-102	1
-101	2
-100	1
-98	2
-97	2
-96	1
-95	2
-94	2
-93	1
-92	2
-91	3
-90	6
-89	4
-88	3
-87	4
-86	10
-85	5
-84	7
-83	12
-82	9
-81	12
-80	16
-79	18
-78	16
-77	18
-76	27
-75	38
-74	30
-73	40
-72	52
-71	44
-70	65
-69	71
-68	90
-67	89
-66	102
-65	142
-64	143
-63	179
-62	222
-61	260
-60	392
-59	375
-58	460
-57	582
-56	645
-55	999
-54	951
-53	1162
-52	1452
-51	1735
-50	2409
-49	2552
-48	3050
-47	3573
-46	4317
-45	6070
-44	6140
-43	7487
-42	9170
-41	10578
-40	15174
-39	15560
-38	18953
-37	23297
-36	27316
-35	37699
-34	39533
-33	48481
-32	58130
-31	67727
-30	95673
-29	98261
-28	121600
-27	145032
-26	168445
-25	228389
-24	240460
-23	290118
-22	344280
-21	391724
-20	521541
-19	535085
-18	632872
-17	729749
-16	804886
-15	1037812
-14	1013142
-13	1151382
-12	1271413
-11	1317370
-10	1686129
-9	1484269
-8	1612165
-7	1675460
-6	1602758
-5	2008840
-4	1580246
-3	1624052
-2	1588115
-1	1391040
0	1974473
1	1183210
2	1194017
3	1140644
4	1010429
5	1111763
6	859742
7	830450
8	776235
9	685033
10	744036
11	580989
12	582287
13	540461
14	526489
15	473799
16	393825
17	388493
18	368804
19	333341
20	365738
21	293967
22	291315
23	273652
24	248132
25	274201
26	221288
27	219824
28	209330
29	189619
30	212426
31	172294
32	171777
33	164926
34	150851
35	167852
36	138178
37	138233
38	132906
39	122172
40	136988
41	112832
42	113011
43	109490
44	100634
45	113769
46	93822
47	94722
48	91790
49	84719
50	96324
51	80220
52	79993
53	78567
54	72458
55	81686
56	68613
57	69234
58	66552
59	62228
60	71361
61	59216
62	60182
63	58178
64	54370
65	61070
66	52005
67	52441
68	51301
69	48059
70	53491
71	45546
72	45705
73	45109
74	42009
75	47374
76	40203
77	40553
78	39986
79	37433
80	41961
81	35656
82	36039
83	34729
84	33273
85	37222
86	31917
87	32267
88	31476
89	29838
90	32989
91	28577
92	28473
93	28141
94	26489
95	29615
96	25420
97	25961
98	24884
99	24093
100	26619
101	23026
102	23004
103	22608
104	21538
105	23825
106	20806
107	20608
108	20613
109	19440
110	21364
111	18917
112	18864
113	18441
114	17562
115	19287
116	16865
117	17186
118	16633
119	15922
120	17583
121	15308
122	15527
123	15033
124	14370
125	16093
126	14039
127	14136
128	13823
129	13226
130	14295
131	12638
132	12628
133	12566
134	12107
135	13056
136	11556
137	11615
138	11227
139	10735
140	11823
141	10507
142	10330
143	10149
144	9813
145	10509
146	9546
147	9550
148	9358
149	9017
150	9813
151	8624
152	8835
153	8427
154	8147
155	8977
156	7718
157	8074
158	7778
159	7445
160	8028
161	7171
162	7227
163	7086
164	6680
165	7349
166	6500
167	6635
168	6560
169	6149
170	6814
171	6003
172	6181
173	5734
174	5649
175	6110
176	5396
177	5446
178	5472
179	5264
180	5613
181	5071
182	5072
183	4964
184	4723
185	5259
186	4594
187	4759
188	4508
189	4297
190	4752
191	4203
192	4218
193	4135
194	3906
195	4262
196	3906
197	3832
198	3797
199	3592
200	3973
201	3572
202	3454
203	3357
204	3395
205	3597
206	3430
207	3207
208	3148
209	3056
210	3273
211	3052
212	2942
213	2937
214	2738
215	3012
216	2677
217	2753
218	2615
219	2589
220	2780
221	2453
222	2539
223	2452
224	2314
225	2577
226	2311
227	2301
228	2281
229	2108
230	2397
231	2044
232	2100
233	2028
234	1971
235	2301
236	1969
237	1897
238	1936
239	1787
240	2007
241	1711
242	1786
243	1764
244	1691
245	1854
246	1666
247	1634
248	1641
249	1597
250	1582
251	1489
252	1509
253	1415
254	1464
255	1550
256	1388
257	1470
258	1401
259	1333
260	1432
261	1305
262	1248
263	1274
264	1207
265	1303
266	1233
267	1133
268	1081
269	1124
270	1213
271	1101
272	1070
273	1102
274	1040
275	1152
276	980
277	1037
278	1056
279	1011
280	1036
281	913
282	893
283	903
284	908
285	1012
286	909
287	866
288	872
289	807
290	897
291	786
292	840
293	824
294	755
295	760
296	728
297	731
298	710
299	713
300	763
301	689
302	683
303	624
304	664
305	693
306	643
307	651
308	593
309	616
310	641
311	605
312	577
313	591
314	539
315	618
316	554
317	555
318	562
319	480
320	583
321	510
322	525
323	539
324	514
325	523
326	473
327	453
328	491
329	447
330	476
331	427
332	447
333	459
334	407
335	448
336	434
337	410
338	388
339	395
340	396
341	380
342	397
343	376
344	357
345	373
346	332
347	367
348	335
349	322
350	348
351	333
352	347
353	317
354	295
355	351
356	302
357	281
358	293
359	260
360	296
361	283
362	275
363	271
364	257
365	275
366	275
367	237
368	269
369	223
370	294
371	251
372	241
373	269
374	238
375	248
376	226
377	232
378	228
379	232
380	237
381	206
382	235
383	240
384	219
385	235
386	219
387	191
388	217
389	168
390	216
391	198
392	187
393	171
394	170
395	191
396	182
397	179
398	169
399	179
400	169
401	172
402	173
403	159
404	156
405	163
406	145
407	139
408	154
409	147
410	145
411	140
412	165
413	130
414	142
415	130
416	138
417	133
418	139
419	134
420	157
421	125
422	135
423	130
424	139
425	134
426	137
427	90
428	115
429	113
430	120
431	112
432	111
433	105
434	119
435	133
436	117
437	99
438	97
439	123
440	116
441	97
442	121
443	104
444	101
445	91
446	97
447	96
448	98
449	101
450	92
451	78
452	82
453	79
454	88
455	97
456	68
457	84
458	90
459	90
460	107
461	79
462	77
463	91
464	63
465	97
466	76
467	79
468	91
469	60
470	74
471	72
472	72
473	81
474	62
475	88
476	61
477	64
478	63
479	43
480	66
481	63
482	59
483	54
484	49
485	64
486	58
487	51
488	56
489	51
490	42
491	57
492	53
493	61
494	62
495	74
496	57
497	72
498	71
499	50
500	54
501	50
502	52
503	34
504	55
505	49
506	41
507	54
508	48
509	46
510	51
511	52
512	56
513	30
514	35
515	30
516	44
517	42
518	47
519	43
520	36
521	35
522	32
523	40
524	29
525	38
526	37
527	48
528	32
529	44
530	37
531	32
532	33
533	40
534	42
535	44
536	34
537	35
538	31
539	36
540	36
541	29
542	38
543	39
544	30
545	33
546	36
547	28
548	33
549	24
550	39
551	31
552	23
553	37
554	31
555	34
556	26
557	29
558	28
559	28
560	36
561	31
562	27
563	27
564	31
565	25
566	26
567	19
568	29
569	35
570	34
571	31
572	22
573	36
574	26
575	29
576	35
577	28
578	28
579	19
580	27
581	31
582	26
583	22
584	17
585	27
586	30
587	25
588	18
589	28
590	19
591	32
592	28
593	18
594	22
595	24
596	18
597	24
598	15
599	20
600	23
601	24
602	25
603	25
604	26
605	29
606	25
607	23
608	20
609	19
610	19
611	27
612	17
613	19
614	17
615	18
616	11
617	16
618	19
619	23
620	22
621	14
622	19
623	22
624	13
625	23
626	18
627	20
628	17
629	20
630	18
631	10
632	12
633	20
634	22
635	21
636	8
637	14
638	23
639	14
640	20
641	15
642	23
643	16
644	16
645	19
646	13
647	18
648	20
649	19
650	13
651	13
652	13
653	17
654	16
655	12
656	12
657	17
658	12
659	11
660	14
661	21
662	22
663	12
664	20
665	15
666	18
667	14
668	14
669	15
670	22
671	18
672	15
673	19
674	14
675	19
676	24
677	20
678	10
679	17
680	14
681	9
682	20
683	18
684	13
685	16
686	16
687	27
688	17
689	17
690	17
691	20
692	13
693	16
694	14
695	9
696	12
697	9
698	18
699	12
700	15
701	15
702	17
703	14
704	18
705	13
706	19
707	20
708	9
709	4
710	17
711	12
712	12
713	11
714	17
715	16
716	11
717	19
718	12
719	14
720	7
721	9
722	10
723	11
724	19
725	8
726	14
727	11
728	18
729	12
730	13
731	22
732	16
733	11
734	13
735	15
736	13
737	12
738	18
739	9
740	11
741	11
742	4
743	25
744	5
745	12
746	10
747	11
748	16
749	17
750	16
751	13
752	8
753	13
754	15
755	15
756	9
757	12
758	10
759	12
760	13
761	9
762	19
763	9
764	10
765	20
766	9
767	12
768	14
769	14
770	11
771	14
772	8
773	14
774	11
775	16
776	15
777	10
778	9
779	5
780	13
781	16
782	18
783	8
784	5
785	11
786	17
787	13
788	13
789	9
790	8
791	12
792	14
793	12
794	14
795	11
796	10
797	13
798	10
799	11
800	6
801	9
802	17
803	10
804	11
805	11
806	15
807	13
808	7
809	15
810	12
811	14
812	7
813	9
814	8
815	13
816	11
817	15
818	6
819	6
820	14
821	14
822	18
823	16
824	8
825	15
826	5
827	10
828	18
829	14
830	10
831	8
832	11
833	11
834	8
835	18
836	8
837	13
838	10
839	10
840	11
841	7
842	13
843	8
844	8
845	13
846	12
847	13
848	15
849	8
850	7
851	14
852	14
853	5
854	13
855	12
856	11
857	11
858	10
859	12
860	12
861	14
862	15
863	9
864	12
865	9
866	7
867	8
868	11
869	9
870	5
871	11
872	9
873	8
874	13
875	13
876	12
877	7
878	9
879	7
880	13
881	6
882	8
883	9
884	10
885	5
886	7
887	4
888	7
889	12
890	6
891	6
892	9
893	11
894	4
895	7
896	13
897	10
898	12
899	12
900	5
901	3
902	11
903	6
904	11
905	14
906	7
907	12
908	4
909	10
910	10
911	3
912	5
913	5
914	10
915	7
916	10
917	10
918	6
919	7
920	12
921	6
922	8
923	9
924	8
925	9
926	8
927	10
928	8
929	10
930	6
931	11
932	4
933	4
934	11
935	8
936	5
937	12
938	3
939	7
940	8
941	5
942	11
943	7
944	12
945	9
946	4
947	9
948	16
949	6
950	6
951	6
952	2
953	8
954	8
955	8
956	5
957	14
958	11
959	4
960	6
961	8
962	4
963	4
964	5
965	5
966	7
967	3
968	11
969	7
970	3
971	3
972	3
973	4
974	5
975	14
976	12
977	6
978	8
979	12
980	10
981	9
982	6
983	12
984	12
985	9
986	5
987	2
988	7
989	6
990	5
991	5
992	6
993	15
994	7
995	4
996	3
997	5
998	4
999	6
1000	4
1001	8
1002	8
1003	8
1004	5
1005	4
1006	10
1007	5
1008	8
1009	7
1010	7
1011	6
1012	10
1013	5
1014	3
1015	10
1016	8
1017	10
1018	6
1019	5
1020	4
1021	4
1022	8
1023	5
1024	6
1025	6
1026	9
1027	9
1028	4
1029	5
1030	5
1031	4
1032	11
1033	7
1034	7
1035	4
1036	4
1037	2
1038	6
1039	6
1040	7
1041	8
1042	6
1043	5
1044	8
1045	7
1046	1
1047	4
1048	4
1049	6
1050	6
1051	3
1052	3
1053	3
1054	8
1055	2
1056	4
1057	6
1058	4
1059	3
1060	7
1061	5
1062	3
1063	3
1064	9
1065	5
1066	2
1067	5
1068	5
1069	3
1070	4
1071	3
1072	3
1073	6
1074	1
1075	5
1076	2
1077	3
1078	1
1079	5
1080	1
1081	7
1082	8
1083	4
1084	5
1085	8
1086	5
1087	4
1088	5
1089	4
1090	8
1091	7
1092	3
1093	4
1094	4
1095	7
1096	5
1097	8
1098	4
1099	4
1100	7
1101	2
1102	3
1103	4
1104	8
1105	2
1106	6
1107	4
1108	2
1109	7
1110	4
1111	2
1112	2
1113	3
1114	5
1115	1
1116	4
1117	3
1118	4
1119	3
1120	1
1121	5
1122	1
1123	4
1124	3
1125	2
1126	1
1127	4
1128	2
1129	3
1130	4
1131	3
1132	2
1133	6
1134	5
1135	5
1136	1
1137	1
1138	2
1139	5
1140	3
1141	6
1142	4
1143	8
1144	1
1146	6
1147	6
1148	4
1149	5
1150	1
1151	1
1152	2
1153	4
1154	7
1155	4
1157	1
1158	5
1159	4
1160	5
1161	4
1162	4
1163	1
1164	5
1165	4
1166	5
1167	2
1168	4
1169	3
1170	6
1171	3
1174	3
1175	1
1176	3
1177	3
1179	1
1180	3
1181	3
1182	6
1183	4
1185	5
1186	4
1187	3
1188	2
1189	1
1190	2
1191	1
1192	3
1193	3
1194	1
1195	5
1196	1
1198	2
1199	2
1200	3
1201	5
1202	6
1203	3
1204	2
1205	4
1206	3
1207	3
1208	2
1209	2
1210	4
1211	2
1213	2
1215	2
1216	1
1217	2
1218	1
1219	2
1220	2
1221	2
1223	1
1224	1
1225	3
1226	5
1227	2
1228	3
1230	2
1231	1
1232	2
1233	1
1234	4
1235	1
1236	6
1237	1
1238	2
1239	3
1240	2
1241	1
1242	1
1243	3
1244	4
1245	6
1246	2
1247	2
1248	2
1249	2
1250	3
1251	1
1252	2
1253	3
1255	1
1256	1
1257	1
1258	2
1259	3
1260	2
1261	5
1262	1
1263	3
1264	1
1265	1
1267	1
1268	1
1269	1
1270	2
1271	3
1272	2
1273	2
1274	4
1275	2
1277	2
1279	2
1280	3
1281	1
1282	1
1283	3
1284	2
1285	2
1286	2
1288	2
1289	1
1290	1
1291	1
1292	2
1294	2
1297	3
1298	1
1299	2
1300	2
1301	1
1302	1
1303	1
1304	2
1307	1
1308	2
1309	4
1310	2
1312	4
1313	1
1314	1
1319	2
1320	2
1321	2
1322	2
1325	3
1327	2
1328	1
1329	1
1330	2
1331	1
1332	2
1334	2
1336	1
1337	3
1338	1
1339	1
1340	1
1342	2
1343	1
1344	2
1345	1
1346	2
1348	1
1349	1
1350	2
1351	1
1352	2
1355	1
1357	3
1359	6
1361	2
1362	2
1364	1
1366	1
1367	2
1368	2
1369	2
1370	1
1372	1
1373	3
1374	3
1375	1
1379	2
1380	1
1382	1
1385	1
1386	1
1387	1
1389	1
1390	1
1392	2
1393	1
1395	2
1397	1
1398	1
1402	1
1403	1
1404	1
1405	1
1406	2
1407	1
1408	3
1410	1
1412	2
1414	2
1416	2
1417	2
1418	3
1419	3
1420	5
1421	4
1422	4
1423	7
1424	2
1425	9
1426	11
1427	6
1428	17
1429	11
1430	12
1431	18
1432	12
1433	6
1434	4
1435	6
1437	1
1438	2
1439	1
1441	1
1443	1
1444	1
1445	2
1446	2
1447	1
1448	1
1454	1
1457	1
1462	1
1465	1
1468	2
1469	1
1472	1
1473	1
1481	1
1486	1
1490	1
1491	2
1494	1
1502	1
1504	1
1510	1
1517	1
1525	1
1528	1
1532	1
1534	1
1542	1
1564	1
1575	1
1579	1
1583	1
1584	2
1597	1
1602	1
1608	1
1612	1
1622	1
1625	2
1629	1
1631	1
1639	1
1642	1
1652	1
1655	2
1665	1
1667	1
1688	1
1691	1
1707	1
1710	1
1715	1
1735	1
1779	1
1848	1
1864	1
1879	1
1925	1
1942	1
1946	1
1951	1
2137	1
2453	1
2461	1
2598	1
