-1410	1
-1370	1
-1200	1
-1199	4
-1198	1
-1197	4
-1196	3
-1194	3
-1193	2
-1191	2
-1189	2
-1188	1
-1185	2
-1184	1
-1183	1
-1182	1
-1181	3
-1180	3
-1178	1
-1174	1
-1173	3
-1172	2
-1171	1
-1170	1
-1167	2
-1166	1
-1165	1
-1164	3
-1162	1
-1161	4
-1160	1
-1159	1
-1156	1
-1155	1
-1154	1
-1153	1
-1151	1
-1150	2
-1149	1
-1148	2
-1147	1
-1144	1
-1141	1
-1139	2
-1138	1
-1137	2
-1135	1
-1134	1
-1133	1
-1132	2
-1131	1
-1130	2
-1126	1
-1124	2
-1123	1
-1122	1
-1118	1
-1117	1
-1114	2
-1113	1
-1112	1
-1111	2
-1110	2
-1109	2
-1108	1
-1107	1
-1106	1
-1105	1
-1103	1
-1102	1
-1101	1
-1100	3
-1099	1
-1098	1
-1093	2
-1088	1
-1085	1
-1083	1
-1082	2
-1078	2
-1077	1
-1074	1
-1069	3
-1067	1
-1066	1
-1061	1
-1059	1
-1057	4
-1055	2
-1054	1
-1052	1
-1051	1
-1050	1
-1049	2
-1047	1
-1045	1
-1038	1
-1037	1
-1036	1
-1034	1
-1028	1
-1026	1
-1021	1
-1020	2
-1018	1
-1017	1
-1015	1
-1012	1
-1007	1
-1005	1
-1002	2
-998	1
-995	2
-990	2
-989	1
-988	1
-981	4
-980	1
-979	1
-975	1
-968	1
-967	1
-963	1
-962	1
-960	3
-959	1
-955	1
-952	1
-943	1
-941	1
-940	1
-937	1
-936	1
-901	1
-893	1
-889	1
-881	1
-877	1
-875	1
-866	1
-845	1
-825	1
-822	1
-810	1
-789	1
-775	1
-761	1
-748	1
-742	1
-739	1
-715	1
-712	1
-698	2
-696	2
-685	1
-676	1
-655	1
-649	1
-648	1
-633	1
-630	1
-607	1
-606	3
-605	1
-604	2
-603	1
-602	3
-600	1
-599	1
-598	1
-590	1
-575	1
-572	1
-565	1
-564	1
-560	1
-534	1
-501	1
-365	1
-360	1
-316	1
-305	1
-290	1
-240	1
-230	1
-204	1
-202	1
-191	1
-189	1
-186	1
-183	1
-182	1
-180	1
-174	1
-169	1
-168	3
-167	1
-165	2
-162	1
-160	1
-156	1
-155	1
-150	2
-148	1
-140	2
-139	1
-137	2
-135	1
-133	2
-131	1
-124	1
-123	1
-122	1
-121	2
-120	2
-119	1
-118	1
-115	3
-114	1
-111	1
-110	2
-108	1
-107	3
-105	1
-103	3
-102	2
-100	3
-97	2
-96	1
-95	3
-93	2
-92	4
-90	2
-87	3
-86	1
-85	3
-83	3
-82	1
-81	1
-80	2
-79	1
-78	2
-77	2
-76	3
-75	4
-74	4
-73	5
-72	5
-71	8
-70	27
-69	10
-68	16
-67	19
-66	17
-65	37
-64	28
-63	18
-62	28
-61	20
-60	84
-59	19
-58	17
-57	22
-56	22
-55	23
-54	20
-53	19
-52	27
-51	25
-50	24
-49	18
-48	23
-47	33
-46	37
-45	59
-44	42
-43	46
-42	56
-41	40
-40	91
-39	74
-38	81
-37	106
-36	122
-35	187
-34	154
-33	184
-32	229
-31	274
-30	576
-29	410
-28	504
-27	628
-26	747
-25	1250
-24	1118
-23	1475
-22	1985
-21	2538
-20	6491
-19	5675
-18	8912
-17	13367
-16	21308
-15	51419
-14	59581
-13	102831
-12	171662
-11	280105
-10	954877
-9	852605
-8	1201911
-7	1637885
-6	2162637
-5	3639216
-4	3419278
-3	3622276
-2	3540165
-1	3170376
0	8116077
1	1520338
2	1169875
3	978432
4	848525
5	1022386
6	652938
7	626563
8	582222
9	506248
10	725854
11	404862
12	405457
13	383710
14	346076
15	494598
16	284256
17	284675
18	273876
19	244268
20	369291
21	210232
22	213551
23	205517
24	186986
25	277476
26	163054
27	166875
28	162977
29	146417
30	226844
31	130278
32	132336
33	129803
34	119461
35	176079
36	106692
37	109578
38	107417
39	98235
40	148106
41	89048
42	91467
43	90159
44	83651
45	124353
46	75833
47	77756
48	76668
49	71126
50	106086
51	65237
52	67374
53	66111
54	61502
55	89943
56	56997
57	58164
58	57960
59	53812
60	84395
61	49478
62	50568
63	50150
64	46902
65	67291
66	43421
67	44658
68	43976
69	41499
70	59845
71	38477
72	39252
73	38610
74	36175
75	52498
76	34313
77	34604
78	34349
79	32539
80	46521
81	30464
82	31088
83	30575
84	29123
85	40810
86	27141
87	27405
88	27330
89	25933
90	37322
91	24243
92	24587
93	24182
94	22909
95	32135
96	21480
97	21735
98	21804
99	20498
100	29017
101	19455
102	19691
103	19563
104	18398
105	26188
106	17731
107	17462
108	17586
109	16877
110	23537
111	15717
112	15985
113	15635
114	14865
115	20966
116	13983
117	14412
118	14455
119	13802
120	20108
121	12854
122	13010
123	12770
124	12425
125	16775
126	11557
127	11655
128	11439
129	11048
130	15195
131	10498
132	10606
133	10502
134	10015
135	13875
136	9590
137	9799
138	9604
139	9128
140	12575
141	8503
142	8789
143	8824
144	8227
145	11308
146	7758
147	7967
148	7940
149	7481
150	10583
151	7015
152	7160
153	7217
154	6787
155	9275
156	6462
157	6684
158	6490
159	6337
160	8573
161	5872
162	6024
163	5886
164	5672
165	7892
166	5436
167	5455
168	5284
169	5195
170	7189
171	5054
172	5107
173	4884
174	4811
175	6441
176	4558
177	4592
178	4721
179	4312
180	6254
181	4139
182	4203
183	4070
184	3961
185	5395
186	3727
187	3813
188	3796
189	3664
190	4944
191	3439
192	3530
193	3494
194	3406
195	4554
196	3104
197	3129
198	3191
199	3102
200	4144
201	2954
202	3001
203	2977
204	2782
205	3815
206	2625
207	2652
208	2595
209	2591
210	3535
211	2397
212	2533
213	2491
214	2281
215	3166
216	2173
217	2304
218	2159
219	2128
220	3055
221	2013
222	2121
223	2094
224	2031
225	2665
226	1863
227	2012
228	1962
229	1832
230	2475
231	1676
232	1732
233	1733
234	1724
235	2285
236	1568
237	1593
238	1653
239	1490
240	2302
241	1465
242	1482
243	1475
244	1418
245	1941
246	1317
247	1395
248	1383
249	1297
250	1725
251	1292
252	1246
253	1235
254	1178
255	1690
256	1110
257	1162
258	1165
259	1089
260	1489
261	1062
262	1064
263	1081
264	1002
265	1377
266	1029
267	1059
268	988
269	947
270	1334
271	867
272	917
273	895
274	929
275	1174
276	814
277	811
278	860
279	804
280	1110
281	826
282	816
283	786
284	744
285	1120
286	735
287	676
288	724
289	647
290	923
291	647
292	654
293	704
294	686
295	843
296	609
297	626
298	609
299	591
300	935
301	610
302	539
303	572
304	567
305	760
306	554
307	541
308	552
309	558
310	729
311	504
312	460
313	484
314	431
315	658
316	456
317	441
318	454
319	446
320	652
321	443
322	458
323	402
324	427
325	548
326	379
327	419
328	419
329	376
330	530
331	366
332	376
333	369
334	360
335	503
336	336
337	342
338	346
339	323
340	458
341	306
342	354
343	325
344	312
345	442
346	302
347	303
348	319
349	319
350	369
351	263
352	286
353	265
354	256
355	319
356	246
357	228
358	269
359	255
360	367
361	253
362	199
363	239
364	228
365	314
366	221
367	202
368	219
369	192
370	313
371	219
372	219
373	242
374	220
375	261
376	197
377	192
378	180
379	174
380	239
381	183
382	180
383	186
384	169
385	269
386	185
387	161
388	192
389	172
390	247
391	160
392	146
393	161
394	183
395	238
396	138
397	161
398	165
399	134
400	213
401	160
402	154
403	159
404	121
405	176
406	138
407	142
408	127
409	128
410	192
411	151
412	115
413	121
414	131
415	163
416	117
417	119
418	118
419	131
420	160
421	106
422	128
423	116
424	98
425	139
426	87
427	107
428	108
429	113
430	147
431	100
432	81
433	82
434	98
435	114
436	76
437	86
438	84
439	94
440	139
441	95
442	95
443	77
444	87
445	119
446	55
447	84
448	84
449	80
450	126
451	80
452	87
453	82
454	84
455	98
456	59
457	71
458	80
459	68
460	112
461	74
462	76
463	70
464	54
465	95
466	73
467	61
468	67
469	61
470	100
471	63
472	72
473	51
474	63
475	78
476	54
477	51
478	52
479	53
480	98
481	45
482	46
483	55
484	54
485	64
486	41
487	59
488	60
489	60
490	79
491	44
492	66
493	45
494	37
495	64
496	47
497	47
498	41
499	48
500	60
501	41
502	41
503	53
504	44
505	53
506	40
507	41
508	43
509	45
510	62
511	46
512	44
513	41
514	32
515	55
516	42
517	31
518	40
519	31
520	40
521	29
522	37
523	43
524	29
525	52
526	25
527	33
528	30
529	38
530	50
531	31
532	32
533	27
534	43
535	49
536	34
537	32
538	31
539	23
540	33
541	18
542	27
543	26
544	26
545	33
546	28
547	31
548	17
549	29
550	50
551	29
552	38
553	31
554	24
555	36
556	24
557	34
558	32
559	32
560	32
561	25
562	26
563	28
564	26
565	44
566	16
567	27
568	21
569	17
570	36
571	30
572	24
573	22
574	18
575	34
576	23
577	28
578	24
579	23
580	45
581	24
582	26
583	21
584	18
585	35
586	20
587	29
588	26
589	26
590	25
591	20
592	21
593	25
594	23
595	30
596	23
597	20
598	10
599	24
600	35
601	21
602	18
603	29
604	22
605	26
606	24
607	17
608	14
609	17
610	29
611	20
612	21
613	12
614	15
615	23
616	14
617	18
618	14
619	20
620	20
621	24
622	29
623	24
624	12
625	15
626	15
627	16
628	13
629	21
630	21
631	15
632	23
633	8
634	10
635	14
636	13
637	18
638	18
639	18
640	24
641	18
642	20
643	16
644	15
645	19
646	13
647	14
648	24
649	12
650	14
651	11
652	10
653	16
654	11
655	27
656	15
657	15
658	22
659	21
660	21
661	8
662	13
663	13
664	17
665	24
666	13
667	13
668	17
669	19
670	26
671	16
672	14
673	19
674	12
675	26
676	13
677	13
678	11
679	17
680	18
681	11
682	13
683	11
684	15
685	18
686	17
687	10
688	12
689	8
690	20
691	14
692	13
693	12
694	16
695	18
696	8
697	12
698	10
699	16
700	14
701	11
702	14
703	20
704	14
705	15
706	14
707	11
708	14
709	14
710	21
711	15
712	17
713	16
714	7
715	19
716	15
717	17
718	7
719	19
720	14
721	12
722	9
723	15
724	13
725	18
726	8
727	15
728	13
729	14
730	17
731	11
732	18
733	13
734	9
735	13
736	9
737	14
738	15
739	7
740	9
741	9
742	13
743	8
744	10
745	17
746	4
747	14
748	9
749	17
750	19
751	11
752	13
753	15
754	10
755	7
756	9
757	12
758	9
759	14
760	25
761	14
762	10
763	16
764	7
765	22
766	10
767	13
768	10
769	11
770	13
771	8
772	14
773	13
774	14
775	17
776	11
777	12
778	9
779	11
780	17
781	9
782	13
783	12
784	12
785	12
786	5
787	14
788	15
789	9
790	14
791	9
792	12
793	15
794	9
795	17
796	7
797	12
798	8
799	13
800	6
801	8
802	9
803	15
804	10
805	14
806	10
807	10
808	8
809	10
810	12
811	7
812	8
813	13
814	14
815	17
816	10
817	12
818	5
819	17
820	11
821	11
822	9
823	7
824	15
825	14
826	12
827	15
828	13
829	10
830	8
831	11
832	12
833	11
834	7
835	10
836	13
837	7
838	17
839	5
840	13
841	6
842	10
843	7
844	15
845	15
846	16
847	12
848	10
849	16
850	7
851	13
852	13
853	5
854	13
855	20
856	7
857	12
858	13
859	10
860	18
861	12
862	7
863	8
864	9
865	15
866	10
867	8
868	11
869	11
870	10
871	6
872	13
873	9
874	7
875	13
876	9
877	9
878	14
879	8
880	16
881	7
882	8
883	13
884	4
885	10
886	11
887	9
888	10
889	10
890	8
891	7
892	11
893	4
894	4
895	8
896	9
897	7
898	5
899	11
900	8
901	14
902	8
903	9
904	5
905	9
906	8
907	8
908	9
909	5
910	11
911	10
912	7
913	3
914	6
915	10
916	5
917	5
918	10
919	8
920	8
921	6
922	12
923	11
924	7
925	3
926	4
927	5
928	11
929	4
930	14
931	9
932	5
933	9
934	6
935	8
936	7
937	5
938	10
939	10
940	12
941	10
942	5
943	8
944	5
945	8
946	10
947	11
948	5
949	6
950	8
951	7
952	7
953	8
954	5
955	9
956	2
957	6
958	10
959	10
960	10
961	5
962	6
963	10
964	10
965	8
966	11
967	7
968	4
969	2
970	7
971	5
972	7
973	5
974	5
975	8
976	8
977	7
978	7
979	10
980	5
981	4
982	5
983	12
984	6
985	4
986	5
987	5
988	5
989	1
990	14
991	9
992	3
993	5
994	7
995	10
996	11
997	8
998	6
999	6
1000	7
1001	13
1002	6
1003	8
1004	3
1005	9
1006	5
1007	5
1008	8
1009	6
1010	6
1011	9
1012	4
1013	5
1014	11
1015	8
1016	10
1017	3
1018	6
1019	9
1020	9
1021	14
1022	5
1023	2
1024	8
1025	5
1026	5
1027	3
1028	4
1029	3
1030	8
1031	3
1032	6
1033	6
1034	2
1035	5
1036	3
1037	6
1038	7
1039	5
1040	11
1041	3
1042	3
1043	2
1044	4
1045	7
1046	6
1047	3
1048	4
1049	7
1050	5
1051	3
1052	1
1053	4
1054	5
1055	2
1056	3
1057	8
1058	2
1059	4
1060	5
1061	5
1062	5
1063	6
1064	6
1065	2
1066	4
1067	6
1068	3
1069	4
1070	7
1071	7
1072	3
1073	6
1074	8
1075	4
1076	5
1077	3
1078	7
1079	5
1080	8
1081	2
1082	6
1083	5
1084	6
1085	4
1086	5
1087	4
1088	4
1089	8
1090	4
1091	6
1092	6
1093	5
1094	4
1095	3
1096	7
1098	7
1099	7
1100	5
1101	2
1102	5
1103	6
1104	3
1105	4
1106	1
1107	2
1108	2
1109	6
1110	7
1111	4
1112	3
1113	4
1114	4
1115	5
1116	1
1117	5
1118	6
1119	2
1120	10
1121	1
1122	9
1123	5
1124	1
1125	7
1126	4
1127	2
1128	3
1129	1
1130	2
1131	6
1132	2
1133	4
1134	3
1135	1
1136	2
1137	6
1138	4
1139	4
1140	4
1141	6
1142	3
1143	2
1144	2
1145	2
1146	6
1147	6
1148	3
1149	1
1150	9
1151	4
1152	1
1153	4
1154	5
1155	4
1156	2
1157	4
1158	2
1159	2
1160	3
1162	2
1163	4
1164	2
1165	4
1166	4
1167	6
1168	1
1169	2
1170	1
1171	4
1172	4
1173	5
1174	3
1175	2
1176	3
1178	4
1179	6
1180	4
1181	3
1182	2
1183	3
1184	2
1185	2
1188	1
1189	4
1190	2
1191	2
1192	4
1193	2
1194	2
1195	2
1196	2
1197	2
1198	5
1199	3
1200	5
1201	7
1202	2
1204	2
1205	5
1206	3
1207	1
1208	1
1209	1
1210	4
1211	4
1212	1
1214	2
1215	3
1216	2
1217	3
1218	3
1219	3
1220	1
1222	1
1223	3
1224	2
1225	3
1227	3
1228	1
1229	1
1230	2
1231	1
1232	2
1233	3
1235	1
1236	1
1237	3
1238	2
1239	3
1240	2
1242	1
1243	1
1244	2
1245	3
1246	2
1247	2
1248	4
1249	3
1250	2
1252	4
1254	2
1255	5
1257	4
1258	5
1259	3
1260	2
1261	1
1262	1
1263	1
1264	1
1265	1
1267	2
1268	3
1269	1
1270	2
1271	2
1272	2
1273	1
1274	1
1275	4
1276	1
1277	1
1278	1
1279	2
1280	3
1281	1
1282	1
1283	2
1285	1
1286	2
1287	3
1289	2
1290	2
1291	2
1292	2
1294	1
1295	2
1296	1
1297	3
1299	1
1300	4
1301	1
1302	1
1303	1
1304	1
1305	2
1307	5
1309	1
1310	1
1311	1
1313	1
1314	1
1315	1
1316	4
1317	1
1318	1
1319	2
1320	2
1321	2
1325	1
1326	1
1328	1
1330	4
1333	2
1336	1
1337	2
1339	1
1340	4
1341	1
1342	1
1343	1
1345	4
1347	2
1348	1
1349	1
1350	1
1351	3
1352	2
1353	1
1354	2
1355	3
1356	2
1357	3
1358	3
1359	2
1360	1
1365	1
1366	2
1367	4
1369	3
1371	1
1372	2
1373	2
1374	1
1376	1
1377	1
1379	3
1382	1
1385	1
1388	1
1395	1
1401	1
1402	2
1403	1
1405	1
1406	1
1408	1
1410	1
1414	1
1415	1
1416	1
1422	2
1428	1
1429	2
1430	2
1431	2
1432	4
1433	7
1434	5
1435	7
1437	1
1438	1
1449	1
1450	1
1451	1
1458	1
1459	1
1462	1
1466	1
1468	2
1476	2
1477	1
1485	1
1487	1
1490	1
1497	2
1499	1
1505	1
1510	1
1517	1
1518	1
1519	1
1521	1
1523	1
1529	1
1532	1
1544	1
1545	1
1547	1
1552	1
1561	1
1582	1
1591	1
1592	1
1596	1
1597	1
1616	1
1617	1
1631	1
1637	2
1639	1
1648	1
1657	1
1659	1
1666	1
1676	1
1677	1
1689	1
1692	1
1710	1
1731	1
1732	1
1736	1
1752	1
1817	1
1831	1
1882	1
1930	1
1952	2
1956	1
2119	1
2457	1
2467	1
2601	1
